T2010mean =  0.739766081871346
T2010sd(10-90) =  0.0695885276468056
T2010sd2(5-95) =  0.0542183724365758
CO22010mean =  1662.29411764706
CO22010sd(10-90) =  137.57068096882
CO22010sd2(5-95) =  107.185173610484
TCREmean =  0.000597447065043007
TCREsd(10-90) =  0.000112733016357215
TCREsd2(5-95) =  8.78334529187965e-05
